172
2 347 98
2 387 51
2 432 345
2 138 468
2 156 230
2 35 313
2 364 388
2 103 325
2 299 140
2 33 9
2 46 31
2 0 386
2 422 90
2 286 341
2 410 378
2 298 112
2 203 50
2 193 20
2 198 279
2 385 283
2 100 445
2 222 36
2 12 8
2 322 43
2 302 416
2 143 42
2 287 272
2 354 306
2 69 338
2 78 64
2 310 404
2 234 61
2 337 494
2 334 94
2 430 109
2 332 190
2 356 72
2 177 34
2 22 252
2 465 380
2 161 53
2 484 271
2 133 175
2 27 371
2 333 295
2 30 241
2 147 126
2 89 250
2 365 14
2 289 428
2 458 483
2 139 292
2 491 393
2 145 191
2 93 87
2 420 251
2 99 68
2 187 358
2 24 401
2 148 205
2 258 349
2 257 308
2 266 201
2 366 293
2 182 383
3 225 282 63
3 355 326 372
3 220 173 196
3 122 436 81
3 400 316 460
3 462 255 391
3 405 294 284
3 55 1 219
3 7 107 406
3 431 459 418
3 52 492 384
3 58 481 41
3 221 359 382
3 226 370 95
3 155 493 120
3 264 467 71
3 398 113 301
3 218 392 74
3 499 479 417
3 23 456 217
3 369 426 373
3 265 200 80
3 363 232 47
3 330 13 152
3 447 185 130
3 91 164 351
3 444 228 197
3 49 449 183
3 254 453 213
3 486 83 171
3 223 328 260
3 176 496 321
3 288 415 490
3 397 489 336
3 166 179 478
3 233 235 10
3 343 181 163
3 59 247 17
3 353 268 39
3 204 249 414
3 11 157 159
3 423 379 180
3 377 309 262
3 477 162 296
3 146 399 482
3 396 44 240
3 487 488 192
3 311 125 315
3 214 227 273
3 244 18 186
3 495 199 57
3 454 38 318
3 123 4 281
3 26 118 439
3 124 450 274
3 466 317 263
3 297 160 153
3 111 28 390
3 320 229 97
3 243 5 73
4 253 231 25 461
4 88 368 82 170
4 485 256 202 150
4 45 411 412 116
4 375 224 194 86
4 210 37 269 408
4 102 62 471 76
4 110 189 104 131
4 474 376 15 32
4 238 209 395 285
4 134 346 339 208
4 165 237 469 239
4 66 242 158 141
4 77 216 307 360
4 115 105 215 184
4 267 305 381 195
4 144 389 106 329
4 101 498 136 60
4 2 277 236 261
4 475 114 435 270
4 452 424 409 85
4 441 168 312 117
4 476 357 84 65
4 374 178 407 172
4 451 331 246 480
4 323 128 419 142
4 149 446 327 470
4 443 259 70 429
4 48 324 280 394
4 132 342 167 348
4 154 188 403 151
4 121 421 129 75
4 16 314 108 54
4 442 79 169 119
4 304 319 472 21
4 497 455 207 174
4 67 433 434 19
4 56 248 206 96
4 473 402 92 340
4 275 344 367 290
4 276 245 303 350
4 440 448 437 438
4 464 211 300 335
4 352 463 135 427
4 127 29 40 362
4 212 3 413 291
4 278 6 425 361
