1628
2 9579 8059
2 792 5305
2 5951 624
2 9188 4953
2 2537 9791
2 115 6013
2 3259 1191
2 7566 7073
2 6583 2245
2 2357 1537
2 8574 7303
2 1789 8109
2 5052 6192
2 7134 6883
2 2866 1807
2 116 3377
2 9658 5539
2 1038 7624
2 1320 8180
2 3993 2890
2 2548 4933
2 3304 6747
2 3538 2875
2 8367 5337
2 5147 394
2 3650 206
2 8202 8439
2 3107 4045
2 9896 4050
2 4663 9708
2 551 493
2 9155 8150
2 3199 8877
2 135 1481
2 77 9356
2 3218 2428
2 463 8845
2 6213 8507
2 6477 9804
2 4272 6660
2 3563 8779
2 1100 6074
2 1167 350
2 6262 998
2 6035 5507
2 4508 3269
2 9023 4527
2 6454 8678
2 5195 7779
2 8332 3040
2 4522 7309
2 6675 5080
2 2389 2805
2 7697 7611
2 7436 5637
2 5365 6851
2 2290 8322
2 7018 7747
2 1533 4634
2 8071 6528
2 5069 3311
2 4333 3143
2 4027 3962
2 3909 74
2 6143 1024
2 8433 5975
2 1663 5556
2 81 1291
2 5805 5980
2 7464 6368
2 9641 4364
2 6619 7400
2 9517 2193
2 7200 4981
2 3122 4769
2 840 9727
2 3432 6301
2 4890 2374
2 3465 2195
2 3522 1342
2 2313 7858
2 9469 3174
2 3694 8193
2 7330 3133
2 6888 5095
2 3139 5633
2 5384 875
2 6165 1344
2 5894 3510
2 4370 4885
2 300 5430
2 8355 1885
2 1111 8815
2 3785 3594
2 4613 6706
2 4660 4578
2 6264 2037
2 2863 5316
2 5553 8140
2 2834 5443
2 7335 6920
2 2572 9360
2 1916 6180
2 3858 6551
2 3032 2270
2 5387 1220
2 1953 7166
2 7310 7830
2 1698 5897
2 6169 6759
2 9333 6072
2 7884 1455
2 7672 5073
2 9292 7509
2 5714 4516
2 3358 7879
2 8123 2150
2 1206 5619
2 766 4338
2 644 9900
2 1608 6900
2 8951 7467
2 1734 4777
2 9242 5726
2 1642 5648
2 3905 418
2 9265 4145
2 496 5410
2 8077 8072
2 9777 5412
2 4553 3800
2 5185 4200
2 7955 3171
2 7983 2862
2 513 8605
2 6984 8175
2 9124 9231
2 9844 6393
2 9710 4813
2 1316 7228
2 8318 80
2 4064 487
2 7538 8780
2 1843 7125
2 8759 9648
2 5815 1108
2 752 8854
2 1624 8960
2 4749 7088
2 2720 1915
2 6207 8806
2 8501 9712
2 3026 1261
2 1887 3489
2 3643 1060
2 5030 1645
2 9029 686
2 5909 9097
2 4265 4596
2 9656 8103
2 7324 508
2 1706 5408
2 7023 897
2 2047 2373
2 6552 3179
2 1862 4554
2 7939 2014
2 5035 5841
2 287 6423
2 2554 6007
2 9843 8115
2 2221 7728
2 2081 2870
2 6785 5236
2 799 1728
2 2049 6455
2 737 4429
2 8549 913
2 1472 428
2 1701 301
2 2982 2970
2 6719 6081
2 3759 3125
2 2474 4956
2 3057 7209
2 7873 2587
2 1793 8368
2 3718 9010
2 6609 9945
2 7781 1247
2 5924 1835
2 8863 338
2 9686 1565
2 8631 3668
2 8583 6400
2 4818 7980
2 5696 5092
2 2936 8461
2 1785 732
2 8313 9609
2 4798 4920
2 727 4129
2 4717 3150
2 7918 8255
2 8835 7020
2 1364 5224
2 3707 7508
2 568 9757
2 552 7637
2 1338 1309
2 4053 9187
2 8554 613
2 4734 5901
2 1005 7927
2 1627 1380
2 1587 6506
2 6695 6403
2 7156 2137
2 2710 4257
2 5660 9903
2 4754 4888
2 2437 4239
2 5794 7957
2 2421 4193
2 3336 949
2 1646 8905
2 7387 4667
2 6830 5597
2 3550 2748
2 5971 502
2 8659 3496
2 2459 6925
2 8303 8879
2 5205 3462
2 9597 3114
2 388 6249
2 4011 4982
2 8167 7308
2 9524 3600
2 4900 494
2 170 5802
2 9320 6503
2 2785 5403
2 4545 6965
2 2469 8874
2 9222 9458
2 7640 9828
2 3374 8816
2 8323 8903
2 667 3351
2 484 2146
2 5053 4258
2 1514 3970
2 7498 8867
2 3414 5584
2 5383 5081
2 4632 4865
2 3705 725
2 8262 450
2 2702 3697
2 3325 5118
2 1352 504
2 4389 5814
2 7179 6028
2 7874 7804
2 11 3297
2 1414 3115
2 5965 938
2 6304 415
2 7473 5074
2 5844 6549
2 6141 9785
2 6730 1033
2 7211 3238
2 1633 1413
2 8589 7512
2 3037 3636
2 3784 3609
2 7158 9913
2 3046 8627
2 2789 9409
2 2782 9978
2 1521 3012
2 8220 3245
2 762 5823
2 9376 2461
2 9283 917
2 4048 7108
2 7153 2127
2 9968 1260
2 5133 3809
2 2596 5404
2 3060 3907
2 7891 7201
2 3258 4963
2 1186 9151
2 555 974
2 1676 9495
2 2951 2443
2 1996 8869
2 3321 2738
2 4685 5557
2 5959 4262
2 495 3926
2 9760 6649
2 4677 1519
2 7247 3898
2 9202 9705
2 4774 4514
2 8389 7635
2 4287 2736
2 3313 6268
2 9751 4790
2 7124 5602
2 92 2318
2 5263 3460
2 4394 8312
2 1561 5723
2 4983 3085
2 3816 2134
2 8301 318
2 4243 1529
2 9977 1935
2 156 8170
2 6411 6480
2 5310 8592
2 8478 8217
2 4450 5264
2 5786 2340
2 978 691
2 676 3756
2 1459 9776
2 8013 7502
2 612 9450
2 720 9827
2 5991 7820
2 5508 996
2 375 3254
2 7028 8906
2 3068 4610
2 8733 8609
2 5665 2283
2 4799 8373
2 4297 1576
2 4916 8931
2 1351 3111
2 7585 9660
2 8101 4191
2 4518 4075
2 4224 9282
2 5146 3640
2 9406 4978
2 17 1480
2 2576 1184
2 3109 6325
2 7260 9807
2 9922 194
2 970 7447
2 1019 8531
2 1770 9073
2 1962 6826
2 4928 4427
2 8725 2714
2 5561 4875
2 3458 7601
2 3306 2143
2 6012 2028
2 9752 7791
2 3192 7394
2 3693 439
2 4861 4466
2 8993 5922
2 6918 3901
2 2 8828
2 6570 3689
2 8454 4852
2 4261 9627
2 3602 1626
2 6278 4696
2 588 315
2 2765 5005
2 5110 9997
2 1376 6409
2 8025 9723
2 5339 340
2 6129 351
2 5165 6071
2 9335 706
2 5662 4453
2 1337 4198
2 2531 8914
2 7136 944
2 9793 5825
2 9258 1109
2 5098 6092
2 6870 1114
2 1742 8529
2 6138 6611
2 4377 2287
2 6929 1925
2 2871 6704
2 9227 5821
2 6608 7899
2 5775 5896
2 5560 4166
2 9266 6909
2 5974 2847
2 5042 8009
2 2687 402
2 3503 5210
2 1404 7302
2 4586 745
2 2404 8653
2 8552 2598
2 5796 7490
2 7537 240
2 9694 575
2 1103 2628
2 7356 6878
2 5550 4644
2 7661 5698
2 6065 2715
2 4228 4856
2 9123 4432
2 3128 3575
2 3043 7061
2 6076 8146
2 3349 9137
2 1921 5389
2 8989 939
2 8132 6479
2 7543 7647
2 4837 8761
2 3426 8089
2 8296 9383
2 2953 6417
2 846 4479
2 8916 4812
2 3837 3359
2 5045 6643
2 7034 1324
2 9247 7932
2 339 5996
2 822 8370
2 6599 2294
2 4609 5156
2 6977 1371
2 9147 1554
2 2830 8174
2 9194 9604
2 79 1780
2 7998 3895
2 2658 7966
2 7043 5358
2 6740 9479
2 4342 1073
2 3453 969
2 1482 4072
2 2279 7976
2 7213 7795
2 6742 319
2 2346 2592
2 2678 9493
2 4525 5969
2 7306 6260
2 7762 1934
2 476 2523
2 8920 3333
2 236 6019
2 4806 8925
2 1502 425
2 539 9780
2 9979 4469
2 4293 7549
2 1378 8701
2 5502 5634
2 1799 5954
2 5609 1422
2 2230 1095
2 3317 8113
2 4424 3973
2 7045 6705
2 801 3281
2 3546 1375
2 1249 2072
2 4804 2379
2 3497 1594
2 7551 6644
2 8300 4174
2 5972 4988
2 8986 4722
2 5761 5611
2 56 8359
2 1503 4402
2 149 2186
2 566 2540
2 7243 2209
2 3514 7923
2 1689 228
2 3420 2262
2 3880 3777
2 2992 2061
2 755 8190
2 740 6894
3 66 1986 1135
3 6460 8763 4658
3 993 2367 8635
3 8664 8988 9351
3 9799 7777 1062
3 4044 1036 5216
3 6034 2534 6309
3 3780 9446 3288
3 7424 2580 3061
3 4607 4591 2422
3 4003 9264 3900
3 6891 7721 8294
3 4816 5592 509
3 2601 6220 5381
3 6420 8708 3736
3 7364 8240 848
3 8663 1951 649
3 1116 5941 9538
3 3280 4156 3940
3 9045 3168 2690
3 5166 8446 2289
3 4860 8279 6763
3 4178 6126 5712
3 1763 4378 9770
3 3169 8965 2938
3 5153 1946 7240
3 2877 9523 6039
3 7794 5088 2775
3 4084 2668 8131
3 6475 1681 3932
3 4383 2786 4136
3 423 1112 1817
3 796 2157 8999
3 2229 1256 1361
3 5708 3708 7925
3 4350 2343 5957
3 1349 3790 7505
3 243 5022 3365
3 1435 5776 9361
3 4152 2300 2691
3 7692 4697 5834
3 1102 658 8646
3 7576 2486 3843
3 7653 4375 238
3 8215 5304 7935
3 8012 3579 5260
3 5422 9816 9284
3 2106 8793 4633
3 1425 7457 2066
3 8997 5630 1717
3 4043 3862 482
3 3329 4347 3418
3 2092 248 390
3 4021 4511 7173
3 1973 7954 8161
3 1892 3024 5745
3 6197 7451 5719
3 5693 578 1297
3 3564 4205 1812
3 5332 7511 8838
3 1471 8823 5329
3 9139 336 717
3 255 8677 2011
3 8487 3613 6767
3 5892 1133 8391
3 3113 2164 4458
3 4641 3177 4823
3 4827 389 8649
3 2212 7901 2925
3 1754 4830 5161
3 4130 2152 7040
3 3500 8400 1912
3 9400 9925 814
3 7386 6998 3050
3 4863 7219 2903
3 1910 4267 119
3 2228 4693 1957
3 1546 2661 9713
3 520 713 703
3 5939 5426 3713
3 5395 4594 4955
3 387 9255 7800
3 51 749 7570
3 5461 3566 2075
3 7666 9989 7946
3 1569 5 802
3 8155 2345 1296
3 6577 3485 3677
3 2756 5918 6145
3 6240 1016 1779
3 5860 2462 6172
3 6582 5255 1900
3 3378 9578 1593
3 7974 5317 7979
3 1751 4588 9176
3 4808 3595 4867
3 9037 8924 5271
3 8894 3251 4517
3 5393 2535 7031
3 322 7700 681
3 1139 1131 2460
3 1057 6190 3518
3 7186 4346 10
3 9821 2046 8628
3 4882 2043 6052
3 89 5296 97
3 1278 5536 3096
3 2653 7546 5854
3 6230 4454 629
3 4870 6621 4303
3 7000 9304 4614
3 3081 6166 9331
3 7264 2612 7030
3 9714 261 8282
3 7540 6246 2042
3 4359 4547 384
3 9144 9530 3275
3 1453 9842 6436
3 7145 2423 8084
3 7992 3819 5206
3 1630 9171 826
3 1899 3526 9633
3 2932 4501 6194
3 7530 4510 3483
3 5398 525 6699
3 2368 7638 3270
3 7774 5301 8340
3 2698 2375 9739
3 8798 4023 7831
3 9270 4767 692
3 9854 5282 1548
3 3099 1328 1405
3 694 601 4047
3 6306 9906 8928
3 1832 4583 3890
3 4284 5566 9839
3 851 5244 1570
3 883 2584 9958
3 3436 8523 763
3 5006 4868 9790
3 7732 876 7471
3 1941 2384 2539
3 7002 8562 2288
3 5140 144 4334
3 9574 3493 5419
3 2455 349 7867
3 6543 2254 3698
3 2104 9830 9473
3 7693 7417 8328
3 403 4844 2109
3 4371 4275 7283
3 8651 6144 1163
3 4264 3622 4121
3 2657 8878 3152
3 6627 9396 1218
3 4006 4226 4943
3 2941 8644 2431
3 6471 166 936
3 2669 4103 3292
3 4361 8265 7545
3 8565 8379 5334
3 5012 5308 4715
3 6817 7578 9507
3 44 1053 9728
3 9650 1795 8142
3 5453 2571 4944
3 9177 399 6842
3 9943 1189 9716
3 5143 8692 9891
3 7008 4094 2060
3 1334 4566 2616
3 451 6770 5363
3 9774 5463 8822
3 9558 7679 6314
3 9369 9527 362
3 2679 1266 2918
3 9892 5245 1207
3 7496 1288 4720
3 1213 6659 9629
3 8550 28 701
3 2414 3621 6407
3 1346 107 6108
3 1443 6027 8515
3 9387 8304 911
3 3957 853 5449
3 2444 8488 6469
3 2191 5036 4425
3 6592 3062 7838
3 8315 8543 5215
3 7009 150 383
3 8720 6259 7978
3 6461 3685 3875
3 5651 3421 2835
3 3817 2640 5172
3 3442 8021 7690
3 5919 6125 1061
3 2633 4833 4637
3 2434 1640 4598
3 2210 5601 7053
3 1045 2045 3686
3 6568 7733 5858
3 6433 4587 3362
3 9886 6578 7623
3 742 6902 1802
3 1943 8177 1208
3 5402 7718 9030
3 1555 357 7633
3 6253 4125 4182
3 7021 5351 3127
3 7065 866 3580
3 4617 4014 535
3 9267 9158 7262
3 6707 7574 1142
3 8656 9296 4834
3 3565 7305 4007
3 4032 8467 4180
3 7535 2362 1517
3 1552 9996 5953
3 6908 6320 5336
3 4608 3673 8404
3 7022 8711 9130
3 9306 2261 6390
3 2025 3795 9659
3 4381 2676 6641
3 110 1930 3435
3 6386 6058 7685
3 8127 5843 8571
3 7263 1454 2371
3 1304 7565 837
3 6043 9832 8668
3 4042 1115 6315
3 5695 6026 4648
3 8421 5689 1604
3 36 3005 5213
3 3405 5028 5008
3 5086 976 2053
3 4141 8203 5326
3 4970 9077 3172
3 5273 4058 3955
3 1667 8534 4530
3 5680 3242 7095
3 9323 6996 8702
3 7686 6526 5270
3 6 1002 4730
3 2733 1685 1917
3 7329 704 9580
3 3872 4202 6106
3 2119 9801 3175
3 3505 1080 4800
3 4393 7192 3899
3 4915 5013 6248
3 7907 6215 8065
3 2008 5220 1003
3 8796 4046 7196
3 7280 5516 4968
3 5440 3398 9339
3 3469 2472 9703
3 4189 8922 6813
3 3969 4828 3
3 2006 1486 3475
3 7760 523 6510
3 6185 9489 9076
3 1415 327 6569
3 9663 1980 8415
3 7223 8284 8043
3 5872 9848 4108
3 4938 3076 2429
3 5075 647 3764
3 778 4317 9063
3 7909 3532 569
3 3239 5782 3100
3 8890 4406 1989
3 6882 7338 3193
3 1794 8514 9286
3 660 8750 2160
3 7001 5808 6200
3 5891 9203 8038
3 299 789 9702
3 8412 5414 7889
3 7366 8407 8162
3 3105 7652 2682
3 2526 5871 5437
3 4247 5888 5040
3 1283 7869 2859
3 8564 5791 6655
3 2574 3498 8767
3 9860 977 4602
3 7349 5732 2196
3 5718 7245 4443
3 6241 5986 5415
3 3416 1011 8518
3 9008 5201 8639
3 5475 964 1460
3 1964 7161 9240
3 2136 9610 2084
3 9299 6755 928
3 1544 5004 3087
3 7318 72 6913
3 9744 8581 4858
3 3937 2477 6159
3 1666 9107 3605
3 2117 1157 6901
3 3468 7564 2791
3 6132 3023 7507
3 8179 37 2516
3 9201 1138 1647
3 2972 1199 4436
3 331 3402 3952
3 9233 5678 7738
3 5829 4210 1023
3 2889 6099 8416
3 4241 8689 3196
3 205 7885 7579
3 377 8327 9065
3 2016 3491 7063
3 2642 8444 8757
3 4013 677 6801
3 7552 3089 714
3 9532 6146 6624
3 401 4712 20
3 4351 7908 6519
3 4905 6001 8401
3 602 1253 3042
3 6809 9089 8746
3 585 2674 1715
3 1049 2454 1846
3 6771 4971 657
3 5509 8205 3058
3 1741 8483 472
3 24 6242 9115
3 224 8645 4836
3 1864 1971 5515
3 4184 9235 7098
3 9442 8714 4714
3 2757 6285 7825
3 6672 6623 9163
3 6218 9175 2140
3 4294 3022 7172
3 9552 4787 9845
3 6000 5784 7203
3 3826 1345 4236
3 3624 2708 9693
3 6884 7678 1944
3 2058 4134 4512
3 9840 1313 1214
3 8464 8880 9954
3 2643 4489 4966
3 1831 259 7184
3 4494 8722 32
3 5112 8349 3911
3 9596 328 9681
3 6398 3185 9949
3 1976 376 4127
3 6828 9698 9572
3 4674 1928 9472
3 9888 2321 867
3 9415 1145 9985
3 2887 9661 5505
3 9547 2773 5487
3 6340 469 6843
3 8612 8933 4924
3 4781 7943 1493
3 6049 7317 6591
3 1311 7236 7769
3 8499 9990 4537
3 3924 7660 615
3 961 5603 3977
3 4628 1750 2272
3 3093 6697 7726
3 9782 9919 4729
3 1542 5427 1590
3 7312 8159 9655
3 155 4374 7949
3 9734 7539 6161
3 2441 6823 937
3 8897 6555 1370
3 1952 7921 3283
3 9502 5279 1507
3 8693 2167 4329
3 8774 6171 2607
3 4493 6044 2517
3 9443 3913 1329
3 6990 5469 9879
3 5327 9011 1834
3 8168 8462 2957
3 7109 9181 182
3 5056 2485 6492
3 8057 2741 4190
3 4534 5857 7938
3 594 7363 285
3 1446 6856 3647
3 2558 2178 608
3 4461 630 6103
3 2479 5893 580
3 8882 8364 1040
3 7230 3474 1070
3 8232 8964 6958
3 6053 5087 4564
3 4352 4695 4746
3 1850 6238 2484
3 1678 8555 4972
3 2567 5046 4549
3 320 1782 5466
3 8325 7814 7151
3 7569 5546 4083
3 6495 9071 3866
3 9652 1236 8468
3 2369 367 8268
3 2621 7019 9390
3 4964 518 7372
3 9118 4246 2605
3 770 2055 1417
3 3938 3014 4922
3 2118 9825 7482
3 7165 6275 5851
3 841 5545 7815
3 7906 2634 8940
3 6243 212 1505
3 1475 4757 4092
3 2003 4455 5864
3 2613 486 3287
3 4131 4683 9654
3 3706 3577 4302
3 9311 6136 5998
3 2597 1341 2293
3 3316 1259 4523
3 1974 7288 4582
3 2990 2626 6507
3 532 5386 2684
3 6196 1146 2391
3 4162 2854 5574
3 1579 6995 5219
3 3412 3990 5193
3 5460 3561 5913
3 9245 7432 6616
3 1400 9643 2056
3 6231 4399 5347
3 4589 3151 9470
3 8047 6596 8855
3 9667 8637 6700
3 433 160 8691
3 165 6686 705
3 7773 5277 3733
3 8953 4897 9186
3 2504 4357 2758
3 3814 2940 8383
3 1888 3828 4902
3 7279 2880 3812
3 5690 7301 6614
3 2743 4204 3744
3 5451 6499 6667
3 2555 5576 19
3 2922 8556 877
3 386 3159 3833
3 2302 4188 5370
3 7708 3007 6516
3 3968 4843 3064
3 6780 2997 3820
3 1235 8756 9603
3 9353 2694 9505
3 8139 1592 7070
3 6372 9855 869
3 45 2019 4664
3 6709 7766 3865
3 5450 9127 708
3 1 9788 9336
3 7420 4807 6648
3 5747 6824 8172
3 8398 6865 1439
3 9432 6203 2907
3 8495 3371 6184
3 1589 5155 4772
3 4185 7442 434
3 5830 3740 2583
3 2611 2622 186
3 1159 2750 404
3 7369 4987 370
3 1365 9427 5737
3 2458 3315 668
3 4635 9817 1757
3 7154 8136 4237
3 8963 8357 2273
3 3527 794 5748
3 6718 9070 3724
3 3860 8061 839
3 6100 6633 8360
3 2647 3770 8805
3 6257 8308 4954
3 622 6605 5109
3 3710 8295 5977
3 6221 2135 5514
3 951 4245 4789
3 1733 4266 4315
3 1567 2699 9142
3 1130 2063 8382
3 7044 2745 8525
3 6086 5093 5293
3 6112 9456 4421
3 8000 2821 3696
3 3728 5231 7425
3 8982 5369 7170
3 5880 7645 8977
3 33 1067 8707
3 4570 1841 1784
3 2248 8892 5554
3 1215 8309 7805
3 1377 2564 4002
3 467 2068 8739
3 5173 3750 2231
3 3873 7290 5713
3 8046 6544 1769
3 553 4520 5704
3 2752 219 4449
3 6881 8081 7803
3 4820 6416 3509
3 4442 7720 9955
3 9635 930 2187
3 6796 6369 65
3 8335 416 8361
3 3948 3511 1052
3 7676 6556 9878
3 5493 3322 806
3 441 537 9009
3 4147 4091 5604
3 8079 3180 3499
3 6784 3147 611
3 3715 2843 9577
3 6296 6650 9372
3 685 9161 4291
3 6917 321 4539
3 8188 6114 9856
3 1068 4994 9725
3 3691 5963 8384
3 5926 3353 2739
3 4507 3433 7764
3 8782 1720 9838
3 7241 1055 1913
3 8224 127 2200
3 2603 9675 8135
4 7289 810 1739 3272
4 5915 8650 3794 4279
4 3048 8048 4476 9185
4 4639 8851 2199 2829
4 3534 6741 8472 31
4 7188 5547 3754 6208
4 6541 6774 3972 7799
4 8245 1004 4689 1955
4 5096 4431 8141 2518
4 343 2950 4167 4115
4 9214 4028 4911 8717
4 3737 8503 6558 719
4 873 5599 3079 8108
4 2734 5101 3167 5898
4 6905 9758 4326 7591
4 5274 6210 1245 8091
4 3749 7745 3593 8120
4 9035 2452 9407 4490
4 2514 5121 4673 6128
4 1679 6550 8853 1760
4 9971 9730 5033 3120
4 397 1600 4874 922
4 6003 1872 589 3520
4 9058 6089 8117 7847
4 8375 5596 6776 9592
4 7059 6779 1904 3834
4 3157 6601 1241 7429
4 7495 8231 8434 6912
4 7099 8831 2487 5249
4 4392 6333 6444 7969
4 6422 6147 6283 4528
4 4926 5242 3138 6219
4 1612 2512 3791 4104
4 7435 2432 2387 582
4 2524 795 4755 3350
4 1882 5666 1605 7163
4 2867 4242 2057 3330
4 4529 7819 2000 2183
4 2787 2334 3104 237
4 2488 3975 2591 9141
4 1613 1368 3148 4139
4 4197 4451 6068 7608
4 2683 6204 6957 9671
4 2359 775 3994 3295
4 652 9381 5579 6749
4 289 3623 9359 687
4 169 7894 5168 2021
4 1833 3601 1268 9803
4 1876 4140 2169 6096
4 9003 5582 3103 6302
4 8176 723 2608 3921
4 3091 2202 4684 3285
4 5807 223 8873 4158
4 1356 9084 817 9174
4 9853 3487 975 5082
4 213 2223 5038 4625
4 2920 5652 4840 4737
4 1128 456 4857 829
4 9182 3960 9947 3667
4 5394 2874 6744 241
4 6098 5021 324 7105
4 9972 1631 3134 8706
4 4250 559 6360 6261
4 4829 6620 6391 6804
4 892 4079 7434 7361
4 276 9722 6964 9394
4 1610 6600 8526 4879
4 5284 9893 4892 5803
4 7055 4686 9867 8509
4 4574 3030 8837 9926
4 9246 8169 7183 4724
4 4592 5420 5269 7086
4 1314 4022 5102 8817
4 6430 6025 7355 4676
4 1046 1034 5247 9197
4 5676 9889 7977 7292
4 8443 7368 4765 9938
4 3692 2330 2704 1856
4 9465 4030 8938 7370
4 3537 573 5388 251
4 2105 5037 2297 9207
4 8721 3671 9401 8610
4 830 9934 2219 5947
4 695 7137 927 1867
4 881 7981 8504 2408
4 6362 7487 2808 6715
4 8563 3347 591 3517
4 2224 5886 5512 8804
4 323 1172 5813 6140
4 1398 6975 3996 2967
4 1732 1842 7664 8247
4 9865 5773 2295 7827
4 8341 3547 8010 1528
4 5771 8510 7702 3998
4 4738 3639 9595 7174
4 2755 7775 7778 6537
4 498 3065 1490 3308
4 2896 3246 549 8716
4 3417 1450 7208 1515
4 5728 2354 5876 3408
4 3118 5993 4068 8753
4 5352 5983 6838 3529
4 6652 800 8900 6802
4 5890 9423 7648 3659
4 2625 9753 5204 6713
4 7144 1884 4117 5615
4 2206 464 6288 9802
4 5199 9742 5171 3260
4 2542 9347 536 8969
4 2126 5783 8533 9325
4 5744 901 570 3989
4 5927 4153 1432 2819
4 9322 8479 61 8827
4 2498 9248 2551 5416
4 8794 365 7888 1707
4 6572 5129 2729 2825
4 8330 6642 517 7713
4 8430 9368 7448 5060
4 9475 9974 7625 4703
4 6401 2497 4873 8481
4 5973 8450 1292 6690
4 178 9413 7225 9935
4 9210 4203 8987 3951
4 2227 6685 106 9440
4 7719 9488 1522 7896
4 9814 8050 8847 1271
4 5289 1541 3035 7050
4 6872 6737 4416 3370
4 3915 6265 9111 6173
4 4848 7479 3279 5743
4 9818 2814 8947 8508
4 2238 4212 1318 6085
4 7133 5485 3101 2099
4 2955 9068 9092 4349
4 5371 512 9956 7391
4 3869 3124 6952 3176
4 5176 8436 313 5762
4 9411 6478 8449 9154
4 3071 7232 6004 4825
4 5816 9540 9701 6538
4 1822 443 4255 6711
4 3859 2712 6322 4135
4 7176 8411 1272 4119
4 2503 2645 9428 4415
4 4150 6344 4477 281
4 6254 697 623 2949
4 4497 699 5764 7218
4 8795 673 5359 4280
4 6354 1132 7615 2638
4 3603 7454 4884 5721
4 9503 6772 6959 5429
4 5431 5246 1660 2250
4 9612 2499 4410 3153
4 6364 6451 1047 9747
4 4252 1462 614 5568
4 785 8356 8587 7810
4 2689 4783 7753 5832
4 2337 631 3299 6338
4 8860 4854 5518 9581
4 871 4484 4269 2165
4 2138 2897 4157 3560
4 3080 3971 8834 7649
4 231 1766 3344 514
4 7385 2944 9103 4653
4 7321 7079 4645 151
4 7850 9445 3261 3657
4 8810 865 932 3618
4 6350 5787 6317 2817
4 7655 1385 6867 6382
4 2975 7620 6005 4488
4 5895 3981 2508 2071
4 432 9205 5083 6030
4 4124 6105 9706 807
4 6121 7598 9759 5170
4 7483 4179 4423 3262
4 3559 8777 2067 8419
4 7033 3949 7892 3187
4 88 3642 6191 715
4 1997 5572 1151 4218
4 797 5535 7933 1282
4 8003 1595 3222 1929
4 8991 477 4975 6979
4 1101 7527 6170 3470
4 7147 4256 1384 8094
4 646 490 2606 1736
4 5917 2994 1591 9261
4 9365 4335 5910 7072
4 645 8758 7986 1648
4 9249 5268 2440 7270
4 8784 4340 7765 4745
4 5286 303 9858 7152
4 9620 6069 6861 7698
4 7523 4642 4456 8470
4 9872 3049 7797 6554
4 1353 9501 4105 1737
4 6029 1582 3644 9251
4 216 5127 3397 5822
4 5709 8235 1891 3094
4 5097 8611 7839 7074
4 2515 3328 3422 5506
4 8696 2425 8961 9550
4 2767 640 4400 4766
4 5542 3894 2372 9482
4 9946 4445 7636 8293
4 7807 1511 2332 7249
4 7296 6808 8686 5968
4 265 4220 5920 1406
4 6919 4995 6160 3912
4 9870 6387 999 3722
4 8088 1110 4841 6934
4 4464 3355 3361 1649
4 919 3681 7311 9764
4 1322 7423 4652 9692
4 8024 2478 6293 7360
4 7244 3340 419 3539
4 5819 3719 9080 7956
4 4472 2413 9016 5071
4 2664 8324 41 8937
4 6651 753 438 492
4 3459 6255 5300 2265
4 7112 2271 8738 2083
4 9564 5982 5399 592
4 1535 8819 1440 6805
4 8585 3437 465 6352
4 8732 7743 7206 8042
4 4542 9516 5889 607
4 5838 1039 3228 5674
4 1536 6235 42 2181
4 3626 8044 5111 5654
4 1118 4024 5679 4704
4 2777 233 1312 141
4 3318 4880 7796 8129
4 7010 1650 9462 4391
4 5474 4752 3232 3665
4 1674 6156 6486 5935
4 1433 6674 2780 1858
4 9863 6873 3198 2076
4 7861 2088 2073 3607
4 1745 5511 3452 902
4 653 2507 1901 4506
4 3327 8034 2236 6123
4 5132 4396 8459 7737
4 5197 3202 1407 6607
4 9166 9271 8492 3758
4 1077 2320 625 8778
4 9422 8956 4557 1294
4 7494 6452 6217 409
4 7673 3680 355 82
4 2304 5002 1298 8184
4 7012 4077 2575 1290
4 9562 7353 5552 6658
4 4283 9873 3411 8302
4 635 1781 8657 6060
4 8883 4475 8972 3266
4 5970 7402 5433 53
4 6351 3106 218 7557
4 2427 1411 4001 1758
4 9862 8056 6465 3264
4 9521 2216 9464 6846
4 1874 8456 6336 2727
4 9378 1054 392 2648
4 7455 963 8687 7736
4 4980 5200 6090 5701
4 8596 3963 1270 393
4 5265 3354 307 8119
4 8561 5522 3844 9295
4 7013 8297 6553 2881
4 5343 8858 3086 1050
4 3541 1949 2182 142
4 8540 5320 413 5158
4 8211 4033 8429 9165
4 9014 8850 1477 6689
4 9091 5655 9032 9719
4 774 9797 9829 2481
4 4020 3709 5702 1825
4 5266 457 924 4701
4 1853 8425 756 3252
4 7384 7122 2176 3074
4 9980 9745 207 2291
4 7132 6394 3216 1092
4 8233 8557 5234 7904
4 9048 1753 7375 4233
4 5360 874 3301 5203
4 7928 986 5315 3161
4 3369 632 269 6606
4 8981 7027 2849 5703
4 7396 5608 1693 329
4 9145 6431 6587 7958
4 2276 6798 7449 8705
4 188 4036 7749 6769
4 7809 9568 8911 3507
4 3476 6414 4668 2170
4 8399 4343 7768 5617
4 3535 7246 2098 6702
4 9429 1826 6714 3271
4 8512 3027 7017 8962
4 9662 3332 6413 6307
4 1970 1683 8107 5779
4 6440 4038 6151 7849
4 4309 1154 2660 9636
4 244 1255 9172 6849
4 1677 2589 983 1374
4 1117 1423 2420 7914
4 7004 2873 2121 6765
4 7792 4211 448 3745
4 6560 2438 4276 8338
4 929 4063 3289 7427
4 8775 8811 5657 2912
4 8511 6435 2086 7729
4 7898 3752 6481 571
4 2203 1487 8422 8137
4 6252 6384 3796 6848
4 3455 2233 8968 7205
4 678 7392 3041 890
4 8532 4434 3098 5606
4 669 4128 738 3944
4 2038 2400 5135 8258
4 8001 6157 6862 7381
4 2636 6227 4499 5766
4 7146 9338 5543 7182
4 2911 2039 8978 5944
4 2876 5253 6006 5824
4 5256 526 1790 3943
4 6042 9666 8836 2604
4 8002 9059 5267 528
4 9536 8489 3047 2406
4 4285 688 2470 7085
4 8090 8477 9748 6426
4 4727 1452 5378 8
4 2744 8824 8241 3679
4 7595 6634 8290 2824
4 5682 3557 6179 544
4 7532 305 2274 1418
4 3806 6961 7227 272
4 2856 8336 6453 788
4 4914 9018 7191 9371
4 3838 8546 5731 3787
4 2921 1022 9902 914
4 9740 4282 8102 1849
4 4430 1397 6626 9717
4 3991 4168 9099 3845
4 546 547 2132 7834
4 4059 8802 3044 2803
4 5340 1444 3608 2759
4 49 1075 8547 7757
4 1556 3189 4626 1603
4 1386 3144 6853 5989
4 8918 9684 8776 5425
4 8354 530 6057 9687
4 8688 8846 5436 4822
4 7266 5551 7202 1918
4 9421 5777 2095 7790
4 8157 5167 9005 9735
4 2610 2631 9857 1526
4 8929 4780 3839 1636
4 6102 7114 1051 4281
4 5904 6850 2344 9393
4 7484 8466 4600 2074
4 6960 5964 5616 21
4 9389 6653 4941 2538
4 475 2017 6467 6911
4 3226 5595 6696 1099
4 8950 8307 3821 4759
4 6033 9511 7756 7339
4 5729 9584 2312 2618
4 1578 1445 6107 8041
4 4572 4049 9966 8614
4 4709 3700 3481 3779
4 8387 5583 5364 1372
4 784 2784 4579 6082
4 7771 6566 1286 3552
4 6131 2709 1518 3767
4 9882 3373 9923 152
4 5240 2688 8482 5967
4 2324 1289 9263 9143
4 5995 2908 4535 1845
4 8022 2012 7480 7492
4 1410 9571 9220 8173
4 5382 8985 5239 6947
4 5225 6636 9999 6814
4 8497 9876 3130 1181
4 4142 8369 8737 4412
4 9463 2322 5237 229
4 7829 4067 1890 6603
4 6939 4232 9932 5836
4 6021 4681 5809 2947
4 7584 6324 7126 8954
4 8277 3249 7715 9808
4 485 1840 9404 3400
4 8352 7531 6290 2728
4 3190 9772 8345 1251
4 7440 7035 6237 4723
4 9931 4386 4311 5148
4 7975 4921 7418 6408
4 6312 7665 4467 7876
4 4041 5044 9566 4961
4 6760 4502 5517 6162
4 1558 2239 6671 5856
4 558 5720 5639 153
4 6885 8599 9677 9373
4 8662 4949 499 309
4 9894 7634 4447 3606
4 1975 7337 4976 6816
4 870 6155 744 4118
4 6563 2168 811 2846
4 4947 7254 136 4355
4 4310 3296 4758 2934
4 709 9738 8163 3735
4 6152 2798 8445 835
4 1656 6331 1512 6924
4 1302 4595 2543 4604
4 369 2101 3730 1703
4 4590 9868 3052 6835
4 1479 4120 6841 7500
4 9026 4 7148 4411
4 2180 3521 380 6370
4 3129 6500 1551 4414
4 4230 4057 1939 8613
4 1448 7120 5344 4192
4 7257 7215 9434 5705
4 2845 7613 5788 1427
4 9664 1534 6698 1030
4 3611 6438 196 2292
4 5144 9998 1991 1816
4 2764 3596 3774 3732
4 9157 7993 7734 2737
4 6284 6463 6968 1966
4 7609 2115 3039 805
4 7486 6579 209 4913
4 232 1776 7406 9241
4 9950 4397 5123 2173
4 9784 9683 5544 5966
4 9795 7823 5070 1009
4 1684 6524 9614 4337
4 9025 8223 6834 9417
4 6875 7824 6439 3813
4 6198 6047 7229 5736
4 6177 9987 9451 4171
4 4074 6201 5057 2494
4 2811 2500 9459 4500
4 7189 7597 931 263
4 256 4286 934 96
4 158 3367 2520 3342
4 8572 6476 3256 5923
4 3425 1078 1174 8494
4 6564 1121 910 6629
4 779 7606 4405 3407
4 8553 895 8801 4504
4 113 9651 7642 3255
4 7681 2007 7881 9924
4 3853 7903 1429 5380
4 3291 9259 2673 9709
4 7818 4097 4146 1065
4 4052 1434 9218 6728
4 4815 5233 1041 3789
4 2559 9279 4784 3102
4 9397 58 9315 8996
4 2015 6533 3861 4160
4 5232 2351 3711 1923
4 6482 7221 9216 1250
4 2070 8520 4950 8910
4 8744 4214 8679 3519
4 5792 3278 391 5658
4 6752 8418 2561 4945
4 2350 4459 1491 2979
4 4838 6756 8394 8186
4 4716 2654 6546 5489
4 2521 5024 9087 6428
4 5164 8697 6810 3473
4 211 7116 7412 8171
4 6379 1749 5528 3627
4 6806 7222 6311 4662
4 5372 148 3620 9083
4 9741 563 6997 271
4 2700 5585 5357 7071
4 2878 1202 8741 6501
4 2723 9039 6425 7284
4 2139 2155 3687 9250
4 8105 8568 6202 4159
4 8799 787 4487 283
4 9114 1808 2089 9416
4 14 8895 308 2308
4 6153 6024 304 8506
4 474 6982 3016 6236
4 7343 1950 7832 4932
4 2985 7056 5885 3954
4 2426 7644 7725 9173
4 1788 7463 1387 9237
4 6708 4195 5908 4037
4 3904 1277 8049 8239
4 6139 4029 4290 7380
4 683 277 754 2130
4 122 9624 6488 3616
4 5353 9546 7711 4601
4 4055 5600 1508 282
4 992 400 1267 1196
4 9634 4562 4321 8218
4 4025 2145 8448 6803
4 2009 7167 2685 7667
4 201 2213 6206 4989
4 4363 7953 5636 3835
4 3615 5494 6410 9959
4 3662 7082 935 9275
4 6955 6923 4779 4603
4 1237 6188 9452 5194
4 8579 8005 899 5325
4 4473 5366 2651 5590
4 4271 2410 8086 3590
4 7365 3090 538 9153
4 6274 9344 4907 2370
4 6720 1729 8617 9075
4 7450 2358 1287 9815
4 7990 8111 2473 4116
4 4277 180 4259 9119
4 9329 5549 8859 6282
4 9982 298 3310 4977
4 5041 3848 1113 7845
4 8498 7164 3209 8618
4 5670 9426 6654 5868
4 6130 5862 5763 3419
4 4480 7157 4177 2298
4 8875 9836 7438 2251
4 7560 9386 5540 8097
4 6383 8017 1926 1815
4 1700 9200 8020 3648
4 1687 9486 3158 849
4 587 5476 879 815
4 2894 1079 8825 4207
4 4719 2225 1992 2111
4 4452 5323 7987 836
4 9221 8764 8889 7926
4 5573 3211 5126 1938
4 3108 4791 3672 5653
4 9576 9623 8093 1559
4 1987 2388 2672 1263
4 5564 7632 1496 3375
4 8573 7235 1285 5061
4 4619 6343 8208 5715
4 3836 5472 7669 7619
4 9300 7102 8785 1509
4 1388 4320 7854 4736
4 9697 4739 2797 3669
4 6692 3303 7149 1219
4 6256 4201 8967 9823
4 2964 8787 9193 5328
4 2545 6088 2861 3267
4 941 3360 718 4901
4 3925 4367 2142 8927
4 8710 8402 4345 9715
4 352 9332 1661 3142
4 6022 9733 9180 9044
4 9455 7175 562 900
4 5492 3513 5214 7835
4 22 8198 7754 4656
4 9178 3000 3886 1902
4 8709 7730 9316 9556
4 2799 6630 1156 8604
4 368 1553 6244 1143
4 6232 1851 4169 9418
4 1800 1524 8006 5379
4 8475 2984 7251 98
4 3504 3805 7080 4831
4 5374 5772 6811 8724
4 7503 171 7724 1922
4 6584 2249 8319 1209
4 3935 1336 4483 9000
4 9544 9754 987 6954
4 9435 9590 6688 5227
4 9414 8934 955 3095
4 6110 4440 6267 3345
4 8792 1573 9548 262
4 2988 1325 1896 8125
4 4362 4244 1484 3822
4 1179 8015 4404 6628
4 9841 5367 3768 9471
4 134 960 7204 1999
4 8222 3516 6363 4123
4 8321 6087 4560 8830
4 7015 1211 8866 6294
4 1994 9668 864 5753
4 1597 6127 8460 2519
4 9425 91 8998 9170
4 9268 6396 6434 7965
4 2686 5442 912 4810
4 9587 6063 3999 9031
